1|2|172|52.500
1|6|23|94.350
1|8|205|67.740
1|3|24|93.220
1|4|234|90.610
1|5|186|68.910
1|7|245|73.730
2|3|269|65.550
2|7|155|98.130
2|9|255|69.880
3|7|267|68.590
3|5|112|94.200
3|2|217|92.080
3|8|190|87.610
3|1|290|99.880
3|4|206|91.980
3|6|275|95.980
4|7|187|50.120
4|4|244|99.140
4|8|127|64.510
5|6|66|65.120
5|5|158|55.690
5|1|91|70.900
5|2|149|74.120
6|7|231|51.700
6|9|19|82.540
6|6|28|63.120
6|3|269|84.950
6|4|274|86.930
6|1|278|52.510
6|8|174|84.920
6|2|162|60.290
7|8|299|70.670
7|4|14|95.930
7|3|121|96.710
7|2|97|91.680
7|6|203|66.410
7|7|60|66.850
7|5|109|90.330
8|9|229|67.450
8|5|59|81.060
8|6|283|89.690
8|3|43|53.300
8|1|78|63.900
8|7|285|67.440
9|7|291|68.320
9|9|146|79.890
9|2|298|93.760
9|8|244|72.700
9|1|33|74.220
9|6|17|57.510
9|5|68|53.270
9|3|132|98.070
10|5|214|55.150
10|2|172|99.270
10|1|138|67.620
11|7|135|68.030
11|5|134|82.910
11|1|147|95.150
11|6|48|51.760
11|8|158|79.420
11|9|61|91.070
12|6|42|86.590
12|9|291|70.490
12|5|212|77.740
12|2|142|89.790
12|8|223|96.740
13|7|213|96.200
13|3|98|57.310
13|8|258|50.610
13|2|280|75.980
13|4|132|75.630
14|7|94|88.070
14|1|73|99.650
14|6|89|70.520
14|9|121|96.650
14|3|263|82.240
15|9|51|86.450
15|4|205|85.460
15|5|176|85.890
15|7|259|67.360
15|1|230|99.200
15|3|161|72.740
16|8|155|62.150
16|3|149|75.480
16|1|238|63.760
16|7|261|84.400
16|2|116|96.730
17|4|233|91.200
17|9|280|76.510
17|2|73|86.230
17|3|189|74.960
18|4|240|93.490
18|7|194|93.100
18|9|209|97.460
18|1|217|77.520
18|3|262|70.280
18|2|20|83.340
19|2|258|63.890
19|7|271|53.710
19|4|271|58.070
19|5|45|79.090
19|8|236|51.610
19|3|269|63.240
20|9|297|82.740
20|2|257|71.260
20|6|123|71.190
20|5|25|82.980
21|3|150|59.670
21|6|58|68.190
21|2|263|86.840
21|5|96|68.980
21|4|155|87.890
22|4|214|63.110
22|1|25|51.240
22|7|287|54.670
22|5|140|60.640
22|9|246|74.850
22|3|28|93.980
23|8|265|60.670
23|7|108|86.660
23|5|147|71.280
23|1|135|54.930
23|3|189|85.100
24|3|47|70.600
24|8|59|62.370
24|7|114|85.070
24|1|37|57.470
25|4|278|72.110
25|1|138|76.650
25|9|164|52.800
25|8|39|71.380
25|2|143|81.140
25|3|165|57.700
25|7|135|91.180
26|7|74|97.090
26|2|32|74.610
26|6|223|74.430
26|5|190|72.330
26|8|279|59.980
27|3|199|82.970
27|2|247|99.000
27|9|282|91.570
27|8|24|62.150
27|1|123|96.100
27|6|67|65.120
27|7|35|58.120
28|3|227|87.040
28|5|288|65.460
28|2|141|83.360
28|9|14|93.580
29|6|272|75.850
29|8|279|83.700
30|1|56|50.390
30|7|147|88.040
30|5|200|89.430
30|8|208|87.360
30|4|257|79.040
30|2|222|62.140
30|6|98|71.310
30|3|75|98.290
31|2|55|85.030
31|5|291|67.880
31|9|34|58.450
32|1|69|99.650
32|5|64|62.210
32|2|95|92.650
32|7|223|93.960
32|3|262|94.620
32|6|182|89.810
32|4|14|78.410
33|9|85|60.660
33|7|109|83.400
33|5|282|99.880
33|8|221|72.130
33|6|255|75.050
33|4|261|67.560
34|9|178|59.690
34|2|81|71.000
34|3|55|94.140
34|6|298|64.090
34|5|125|96.140
34|1|267|96.490
35|6|184|72.040
35|2|21|59.960
35|1|187|61.420
35|5|138|61.730
35|7|187|56.330
35|9|62|74.570
36|9|178|72.410
36|5|273|76.360
36|2|190|60.310
36|8|217|57.460
37|2|285|72.190
37|4|252|60.320
37|8|201|55.650
37|5|288|95.500
38|1|257|77.480
38|3|159|63.080
38|4|205|86.020
38|2|70|99.230
38|6|148|74.190
39|6|25|85.380
39|2|151|80.320
39|8|60|88.560
40|9|300|79.190
40|2|135|69.640
40|4|297|79.300
40|3|69|53.320
40|6|38|85.620
41|4|255|67.130
41|9|99|82.540
41|6|61|70.340
41|5|178|70.080
41|1|231|86.090
42|7|89|62.630
42|5|140|51.530
42|2|285|82.010
42|4|288|70.430
42|3|101|78.050
43|4|213|88.080
43|8|300|53.960
43|2|296|57.740
43|1|33|92.470
43|9|16|51.700
43|3|248|72.770
44|7|132|97.310
44|2|293|87.720
44|4|52|56.320
44|6|39|52.470
44|5|76|94.110
45|3|171|63.090
45|7|62|59.210
45|4|116|91.300
45|5|72|67.380
46|6|29|63.740
46|4|220|72.420
46|7|262|58.000
47|4|31|84.620
47|2|106|64.190
47|5|270|81.520
47|1|110|69.060
47|8|184|54.240
48|2|57|82.760
48|9|211|71.940
48|6|250|54.020
48|7|18|84.960
49|4|292|52.820
49|7|47|89.720
49|6|286|86.550
49|8|266|94.570
49|1|92|76.620
49|9|119|61.970
49|5|65|83.090
50|5|97|71.890
50|4|52|60.340
50|8|292|71.520
50|1|117|58.090
50|2|255|53.850
50|9|114|94.530
50|6|291|75.840
50|3|161|92.280
51|1|295|53.320
51|7|104|66.170
51|6|68|98.120
52|2|260|52.640
52|1|139|95.210
52|6|14|68.840
52|9|278|64.190
52|5|280|66.400
52|4|236|73.650
52|7|261|91.440
52|3|176|82.110
53|4|47|84.420
53|1|273|90.490
54|5|84|81.440
54|9|37|59.110
54|7|14|70.950
54|8|166|81.020
54|2|176|77.700
54|4|35|67.080
55|5|111|83.390
55|9|31|69.720
55|2|134|82.330
55|1|117|62.450
55|3|194|50.110
55|4|237|90.780
55|6|84|52.550
55|7|233|95.370
56|7|200|68.880
56|4|62|98.890
56|1|76|73.920
56|8|44|67.870
56|9|41|84.640
56|3|43|54.500
57|4|112|71.810
57|6|291|92.720
57|8|129|64.960
57|9|210|54.890
57|5|294|87.070
57|3|179|76.760
57|2|71|51.310
57|7|268|57.670
58|1|39|98.290
58|7|236|66.400
58|2|104|59.760
58|5|113|54.420
58|6|54|68.000
58|9|139|93.180
58|4|137|52.640
58|3|109|76.680
59|5|244|62.470
59|1|92|56.520
59|3|130|79.150
59|7|97|72.710
59|2|49|85.090
59|9|291|78.930
60|9|71|65.120
60|1|26|72.190
60|4|41|70.230
60|7|177|96.140
60|5|194|54.050
61|6|48|75.510
61|1|234|97.580
62|7|54|86.140
62|3|185|63.510
62|5|121|75.890
62|4|292|52.960
62|1|197|90.950
63|7|16|74.120
63|3|158|53.980
63|4|230|85.270
63|1|152|79.200
63|8|141|64.120
63|5|83|78.810
63|2|213|79.230
64|1|276|63.960
64|2|213|51.080
64|6|201|54.220
65|4|40|86.380
65|3|270|67.060
65|5|171|71.460
65|9|96|77.020
65|6|102|93.430
65|7|129|95.410
66|4|283|86.230
66|7|115|54.420
66|3|64|57.970
66|8|80|86.320
66|2|253|86.770
67|9|24|95.580
67|7|43|95.060
67|4|238|76.130
67|8|181|58.320
67|2|249|72.790
67|6|269|57.860
68|8|259|86.480
68|9|165|97.610
68|2|158|64.260
68|5|260|64.720
68|6|244|58.640
68|1|284|76.090
69|5|117|73.640
69|1|170|82.550
69|6|14|81.840
69|2|123|69.160
69|7|173|81.510
69|8|160|57.840
69|3|12|78.750
70|3|282|88.410
70|5|117|79.530
70|4|153|78.550
70|6|206|88.920
70|7|280|87.820
70|1|133|66.880
71|7|179|58.580
71|1|277|89.550
71|4|83|85.320
71|9|188|81.430
71|6|110|55.340
72|1|32|85.240
72|4|222|60.870
72|2|201|83.970
72|3|34|91.470
72|6|277|79.820
72|9|188|59.600
73|6|44|98.300
73|3|57|88.480
73|5|75|94.120
74|2|296|74.430
74|5|30|98.760
74|1|151|89.180
74|7|122|72.000
74|8|147|92.080
75|6|64|91.110
75|3|243|53.110
75|2|287|80.410
75|7|17|94.050
75|1|147|55.300
76|2|56|90.820
76|8|32|65.390
76|7|38|59.520
76|9|70|95.470
76|6|112|63.260
77|9|119|52.780
77|3|222|79.060
77|6|271|62.140
77|7|125|68.790
77|8|197|55.480
77|5|121|67.940
77|2|89|92.670
78|2|205|87.440
78|9|77|68.970
78|1|161|85.720
78|8|274|77.350
78|3|137|69.860
79|1|113|99.000
79|5|255|98.770
79|7|270|58.730
79|2|88|95.970
79|4|22|96.000
79|3|199|87.200
80|5|41|83.630
80|1|137|53.240
80|7|160|53.240
80|2|31|55.590
80|4|33|97.890
80|8|191|75.220
80|9|285|88.550
81|6|142|82.660
81|1|80|63.510
81|3|171|81.620
81|4|91|53.160
81|8|215|59.220
82|4|119|92.510
82|2|167|71.630
82|1|146|73.550
82|6|24|50.860
82|9|115|56.300
82|7|241|74.920
82|5|136|59.090
83|8|253|64.160
83|7|124|61.330
83|5|18|61.230
83|4|53|92.380
83|6|109|82.630
83|2|288|72.910
83|1|142|94.460
84|2|219|98.610
84|9|267|55.310
84|5|77|95.490
84|4|289|81.910
84|7|32|67.820
84|6|165|81.150
84|8|275|51.870
85|4|99|67.860
85|5|65|83.160
85|8|42|60.410
85|1|269|88.890
86|1|181|53.030
86|5|278|77.440
86|9|95|85.210
86|6|236|69.930
86|3|266|70.860
86|2|156|71.270
87|9|243|80.470
87|1|241|88.670
87|7|298|90.030
87|2|27|54.850
87|6|152|52.980
87|3|169|64.440
88|2|211|62.540
88|5|128|56.660
88|9|99|76.230
88|7|242|94.100
88|1|29|84.610
88|6|141|92.520
89|2|50|88.700
89|4|92|85.270
89|6|288|91.680
90|2|18|63.050
90|8|66|67.990
90|9|67|81.480
90|5|98|55.580
90|1|249|94.990
90|6|39|72.230
90|3|280|88.690
91|8|68|93.530
91|6|254|69.090
91|7|280|63.230
91|1|163|64.060
91|2|214|84.870
91|3|27|93.590
91|4|22|80.150
92|5|109|87.720
92|4|287|91.880
92|9|145|95.610
92|1|63|82.380
92|8|46|75.610
92|6|23|81.010
92|7|158|78.260
93|7|238|57.970
93|4|217|60.090
93|9|15|95.630
93|5|188|64.380
93|8|83|73.380
94|5|211|71.330
94|7|260|52.740
94|6|91|72.020
94|9|150|60.220
94|8|14|59.790
94|4|249|62.390
94|2|131|53.400
95|8|124|63.040
95|4|97|78.850
95|7|176|93.420
96|1|290|74.980
96|5|244|81.390
96|6|124|75.070
96|8|270|91.080
97|8|118|76.910
97|7|295|68.260
97|9|127|89.520
97|5|75|83.450
98|3|202|78.420
98|1|10|90.310
98|6|228|89.620
98|7|274|72.610
98|2|122|58.880
98|4|68|86.010
99|8|112|71.260
99|1|47|84.900
99|3|199|65.520
99|2|12|82.130
100|7|12|55.570
100|1|88|98.080
100|9|252|82.250
100|3|60|83.590
100|4|262|67.600
100|6|295|52.960
100|8|160|61.370
100|5|273|74.890
101|7|86|71.200
101|8|236|90.540
101|6|206|53.240
101|1|115|75.960
101|2|277|75.020
101|9|222|58.910
102|8|26|77.430
102|7|237|52.130
102|4|153|67.150
102|6|158|63.510
102|2|29|90.730
103|7|182|83.140
103|4|130|92.360
103|1|224|82.370
103|3|140|50.120
103|9|26|71.300
103|6|102|70.690
104|2|292|50.810
104|8|11|81.260
104|1|59|71.030
104|5|112|55.940
104|9|203|93.480
104|6|122|83.270
105|8|107|63.030
105|5|56|87.020
105|3|138|65.710
105|9|208|70.260
105|2|141|62.050
106|9|208|71.440
106|3|118|71.400
106|1|26|62.600
106|2|233|74.680
107|8|182|50.350
107|5|230|85.330
107|9|258|65.850
107|3|210|73.690
108|1|59|78.410
108|6|268|86.000
108|3|203|89.660
108|4|29|91.250
108|7|137|60.750
108|8|150|95.620
108|2|12|80.460
108|9|119|54.450
109|9|190|62.790
109|2|112|94.750
109|5|116|60.400
109|8|154|58.660
109|7|126|84.760
110|5|229|51.020
110|2|176|84.380
110|7|63|63.810
110|9|205|63.340
110|1|273|90.620
110|6|291|84.940
110|8|233|81.880
111|9|101|87.030
111|3|83|70.610
111|2|272|60.110
111|1|206|89.640
111|5|29|93.400
112|5|81|94.560
112|4|81|76.180
112|6|241|65.600
112|7|247|57.030
112|8|155|67.330
112|9|201|50.610
113|6|279|72.240
113|1|137|50.970
113|8|221|78.460
113|7|265|53.190
113|4|166|84.340
113|2|127|92.420
113|5|300|71.620
114|3|77|82.850
114|4|179|65.910
114|5|80|99.800
114|1|75|52.730
114|7|149|78.870
114|2|84|50.710
114|8|243|85.450
115|4|11|70.100
115|5|210|81.820
115|6|151|65.010
115|8|92|57.420
115|9|72|95.560
115|1|114|76.910
116|6|168|54.660
116|7|146|98.280
116|9|102|95.720
116|5|136|88.380
116|1|82|90.370
116|8|267|73.900
117|1|94|69.220
117|8|122|91.810
117|5|89|94.950
117|4|22|61.650
117|6|127|79.550
117|2|80|57.680
117|9|221|79.130
118|4|163|81.920
118|8|207|89.520
118|3|71|97.920
118|7|64|84.730
118|6|116|60.080
118|9|135|88.430
119|4|104|99.700
119|3|202|87.930
119|9|136|90.440
119|2|159|71.980
119|8|71|67.530
120|5|118|91.180
120|6|168|74.650
120|8|20|86.960
120|9|186|85.690
120|3|148|66.650
121|4|122|73.930
121|6|147|50.640
121|2|86|59.840
121|7|154|74.650
121|9|86|57.970
122|5|296|67.410
122|8|150|63.820
122|3|271|77.700
122|4|28|60.540
122|6|206|76.460
122|9|251|63.710
122|7|23|71.730
123|4|73|97.040
123|3|206|57.320
123|6|191|97.960
123|1|219|88.670
123|7|14|60.410
124|7|61|66.670
124|1|91|63.140
124|9|51|67.090
124|5|295|97.780
124|3|261|96.280
125|9|80|56.940
125|2|269|94.890
126|4|125|62.780
126|9|260|77.090
126|1|43|82.220
126|2|47|50.010
126|3|48|57.150
126|7|290|70.600
126|5|116|85.280
127|3|273|51.940
127|7|160|75.420
127|5|241|54.280
127|2|157|63.050
127|9|171|51.950
127|8|139|58.730
127|6|141|96.830
127|1|265|65.710
127|4|77|73.390
128|3|11|66.020
128|1|97|72.120
128|9|51|74.600
128|7|202|74.380
128|6|164|61.410
128|5|283|59.870
128|2|277|58.220
129|2|117|89.090
129|4|275|93.770
129|9|80|85.440
129|8|196|90.250
129|5|34|70.120
129|6|195|55.460
130|2|200|53.210
130|5|142|60.670
130|1|222|66.380
130|6|62|50.420
130|3|111|81.470
130|4|165|75.310
131|4|261|87.280
131|3|125|99.100
131|8|41|56.720
131|2|97|66.160
131|7|203|82.840
131|1|52|53.040
132|5|172|85.080
132|1|297|91.990
132|8|97|91.900
132|4|215|71.010
132|6|171|66.490
132|3|95|84.450
132|7|299|70.710
133|9|275|53.660
133|3|64|74.090
133|6|282|85.000
133|4|23|71.500
133|1|159|71.240
134|6|50|92.880
134|2|276|55.160
134|7|86|87.720
134|4|177|73.100
134|9|281|61.060
134|5|55|66.810
135|6|168|83.310
135|5|253|85.900
135|7|176|83.800
135|4|77|89.140
135|8|139|84.990
135|2|160|93.450
136|2|139|89.920
136|5|174|62.140
136|8|205|59.970
136|4|174|61.770
137|4|51|67.570
137|2|173|83.150
137|9|136|74.590
137|3|189|86.180
137|5|71|80.450
137|6|157|66.650
138|5|83|90.320
138|2|63|81.030
138|9|13|88.230
138|1|79|75.680
138|4|114|89.740
138|7|154|78.220
138|3|116|55.010
139|8|45|71.970
139|5|259|88.380
139|7|248|94.530
139|4|262|98.900
139|6|289|59.290
139|3|223|57.630
139|1|205|57.880
140|4|212|56.110
140|2|240|74.590
140|1|244|99.510
141|7|92|84.550
141|5|18|85.330
141|3|212|54.650
141|8|79|69.670
142|7|225|69.540
142|8|146|52.190
142|1|65|92.040
143|2|101|88.920
143|1|128|61.850
143|9|95|72.860
143|8|196|65.300
143|4|32|73.940
144|3|96|82.080
144|7|102|87.230
144|4|192|99.440
144|1|128|50.230
144|5|242|60.300
145|4|155|68.220
145|8|49|99.440
145|3|113|64.590
145|2|233|62.850
145|5|235|76.260
145|7|238|91.120
145|9|156|97.400
146|2|146|84.380
146|3|68|51.490
146|4|199|91.110
146|1|39|76.800
146|7|31|52.830
146|5|143|70.290
146|9|159|89.500
147|5|298|53.530
147|8|244|60.980
147|2|152|71.090
147|7|155|59.730
148|8|277|68.900
148|5|259|88.740
148|9|139|95.660
148|7|280|92.920
148|6|22|81.220
149|7|138|69.780
149|9|80|68.130
149|4|136|65.390
149|3|300|77.770
149|5|65|67.060
150|7|189|81.190
150|9|125|88.330
150|2|192|80.200
150|5|247|92.220
150|3|47|87.500
151|7|84|69.690
151|8|125|72.330
151|3|124|96.270
151|2|237|79.310
151|5|103|81.840
151|1|187|95.230
152|4|152|57.520
152|7|210|91.450
152|5|159|99.550
152|3|57|83.820
152|1|112|89.450
152|8|273|79.410
153|5|53|88.570
153|2|35|61.810
153|9|263|85.720
153|4|160|50.920
153|3|288|59.740
153|8|283|95.790
154|8|294|55.940
154|4|167|76.850
154|3|228|89.640
154|7|204|70.650
154|5|63|74.740
154|6|300|97.350
154|1|16|82.060
154|9|56|69.940
155|6|147|94.400
155|8|264|98.260
155|2|85|75.900
155|9|236|72.330
155|4|21|67.670
156|4|41|74.600
156|5|180|78.510
156|3|115|50.120
156|7|77|64.630
157|3|224|98.060
157|7|222|96.730
157|9|97|97.850
157|8|116|58.210
157|2|159|62.070
158|3|194|90.150
158|6|113|87.560
158|7|33|69.040
158|1|286|62.710
158|5|288|56.010
159|3|63|80.830
159|5|270|80.100
159|6|100|84.540
159|2|107|56.150
160|8|87|61.710
160|6|286|74.300
160|5|201|75.650
160|1|126|87.150
161|3|214|70.530
161|8|223|75.860
161|7|173|55.660
161|4|207|67.230
161|6|249|67.310
161|9|80|81.130
162|7|41|77.860
162|6|255|72.960
162|2|290|90.740
162|3|34|62.710
162|5|15|75.190
163|5|167|86.740
163|7|270|65.920
163|4|115|99.630
163|2|177|79.190
163|3|212|57.230
163|8|262|62.610
163|1|168|64.810
164|4|222|55.170
164|5|141|74.530
164|6|236|51.330
164|3|259|60.860
164|7|227|81.720
164|1|156|95.920
165|5|90|61.140
165|6|195|88.700
165|4|31|52.840
165|3|254|87.570
165|2|217|64.400
165|1|134|73.330
165|9|127|52.050
166|2|66|55.280
166|7|190|70.670
166|5|81|91.340
166|6|201|78.130
166|1|36|88.340
166|4|93|99.250
166|3|255|63.340
167|6|221|96.860
167|5|141|96.670
167|2|292|77.280
167|1|300|52.770
167|4|228|68.230
167|8|139|69.910
168|8|277|77.800
168|9|43|95.480
168|6|96|61.900
168|7|170|66.360
168|1|10|66.560
169|5|26|70.140
169|4|211|59.220
169|1|201|95.260
169|6|204|92.870
169|9|172|90.130
170|2|186|92.160
170|4|128|82.630
170|5|35|55.050
170|7|229|98.110
170|8|84|77.080
170|3|82|90.280
170|9|170|50.480
171|4|80|69.650
171|6|117|62.890
171|5|219|80.510
171|8|169|98.620
171|9|245|52.020
171|2|72|52.590
172|2|64|74.570
172|4|32|69.460
172|1|115|64.670
172|3|217|60.550
172|9|297|66.920
173|8|172|57.080
173|5|276|74.730
173|3|288|54.860
173|1|50|62.060
173|2|98|52.000
173|7|41|55.660
174|2|51|78.430
174|3|99|64.500
174|8|212|65.860
174|1|89|89.850
174|5|188|92.890
175|7|123|69.980
175|3|286|97.850
175|2|215|60.350
175|9|31|70.770
175|5|183|56.600
175|4|205|58.540
175|8|133|89.820
175|6|246|83.320
175|1|271|97.690
176|3|203|54.520
176|7|37|86.100
176|1|187|92.180
176|4|177|65.200
176|5|235|67.550
176|9|209|77.190
177|1|219|94.270
177|8|72|81.470
177|9|146|80.980
177|7|57|94.580
177|5|210|88.490
178|4|47|90.860
178|3|117|58.780
178|5|216|83.270
178|6|23|72.990
178|8|32|89.840
178|7|100|65.480
179|9|26|92.880
179|8|160|52.600
179|4|93|98.780
179|7|262|71.610
179|5|225|52.860
179|1|35|78.420
179|2|185|64.810
180|3|130|93.040
180|2|291|58.560
180|5|295|50.690
181|8|238|90.360
181|7|98|95.890
181|4|167|72.790
181|2|193|93.450
181|6|229|69.840
182|3|65|67.730
182|7|44|91.940
182|2|215|65.090
182|1|58|92.220
182|5|255|64.920
182|6|87|59.900
182|8|49|82.450
182|4|103|68.380
183|4|202|74.330
183|9|183|80.460
183|7|109|77.790
183|6|226|86.560
183|5|94|51.810
183|1|249|69.060
184|2|268|68.810
184|7|38|80.430
184|5|290|63.370
184|9|285|70.150
184|6|187|99.030
184|3|161|98.570
184|8|62|94.680
184|1|178|75.050
185|4|235|83.170
185|7|285|95.180
185|6|239|58.770
185|5|99|71.110
185|2|13|55.510
186|2|31|81.150
186|1|215|54.520
186|7|158|78.970
186|8|110|87.650
186|3|290|65.650
187|2|202|94.190
187|8|16|69.440
187|6|146|56.980
187|7|211|58.030
187|3|118|78.240
187|4|99|73.810
188|2|72|77.380
188|8|113|75.580
188|3|107|64.440
188|4|269|65.600
188|9|226|59.070
188|1|300|72.070
188|7|11|91.230
189|5|191|57.610
189|6|102|65.690
189|8|32|91.380
190|7|176|84.920
190|2|26|92.210
190|5|191|52.520
190|4|184|81.630
191|1|110|81.950
191|7|101|68.540
191|8|94|83.680
191|4|10|66.220
191|9|300|82.480
192|7|26|99.030
192|8|113|78.680
192|1|31|85.010
192|9|232|74.020
192|5|96|92.120
192|2|16|96.710
193|1|291|73.580
193|7|105|96.900
193|8|158|75.950
193|2|70|96.020
193|6|257|54.200
194|8|169|87.530
194|5|74|73.600
194|2|72|56.660
194|1|230|91.630
194|9|226|79.150
195|7|84|56.960
195|4|281|57.390
195|6|97|83.360
195|5|119|84.540
195|1|183|62.560
195|9|222|76.890
196|4|12|92.420
196|9|99|99.270
196|3|285|86.000
196|8|85|79.830
196|6|298|90.570
197|1|150|52.810
197|5|292|72.370
197|9|188|70.080
197|8|260|71.650
197|6|127|83.440
197|7|221|87.540
198|2|19|70.900
198|5|242|71.740
198|8|52|51.010
198|6|227|62.660
198|1|200|81.540
198|3|130|94.650
198|9|123|59.810
199|9|27|58.190
199|1|106|78.950
199|8|202|96.810
199|2|173|82.040
199|4|97|98.660
199|5|168|72.870
199|7|126|68.030
200|1|275|73.390
200|5|274|94.670
200|4|95|62.180
200|8|87|68.220
200|6|232|84.560
200|3|267|79.960
200|9|236|86.640
200|7|242|95.900
201|6|239|80.020
201|2|86|72.730
201|1|76|90.050
201|3|290|69.010
201|8|38|59.630
201|5|264|87.260
202|8|76|95.400
202|3|77|97.670
202|1|90|78.980
202|2|200|52.400
203|9|123|73.100
203|5|166|65.120
203|8|64|89.190
203|2|140|59.440
203|1|178|60.860
203|3|126|77.540
204|8|296|63.940
204|5|261|95.160
204|9|195|97.270
204|7|292|85.160
205|3|152|97.480
205|5|47|58.470
205|7|101|78.500
205|2|249|63.010
205|9|224|88.660
205|4|23|90.980
205|1|111|65.030
206|9|241|60.160
206|4|118|67.020
206|8|25|64.340
206|6|260|86.010
206|7|108|84.440
206|1|205|79.800
206|2|54|92.370
207|7|198|99.680
207|5|246|59.040
207|4|117|78.050
207|9|230|70.690
207|1|39|75.480
207|8|169|96.220
207|3|230|79.590
208|4|270|80.980
208|3|203|85.870
208|2|273|79.200
208|5|81|94.110
208|7|287|57.760
209|2|272|55.640
209|9|296|65.820
209|4|222|64.260
209|8|150|69.120
210|4|68|57.180
210|2|44|90.780
210|6|259|87.850
210|5|125|54.340
210|7|36|73.800
210|3|89|91.220
211|1|174|76.430
211|6|40|76.520
211|8|57|51.220
211|4|259|58.490
211|7|209|93.150
212|7|186|97.970
212|8|41|99.680
212|9|77|66.770
212|2|92|86.570
212|3|300|83.700
212|5|292|52.670
212|6|245|55.320
212|4|290|50.700
213|6|259|80.540
213|2|93|67.420
213|9|52|67.820
213|8|164|57.580
213|1|116|60.580
213|5|240|71.130
213|3|136|61.540
213|7|132|84.780
213|4|200|93.300
214|3|190|77.440
214|6|94|97.370
214|4|161|89.930
215|3|85|95.670
215|7|268|84.200
215|8|293|70.730
215|2|182|75.540
215|4|31|59.240
215|5|234|59.960
216|9|84|55.790
216|1|27|64.430
216|8|233|71.580
216|5|92|67.160
216|3|99|69.580
217|5|229|67.690
217|2|288|79.350
217|7|45|71.470
217|3|181|53.960
217|8|89|99.220
217|1|248|84.160
218|3|35|68.150
218|4|112|95.770
218|8|108|96.920
218|2|200|93.530
218|9|79|96.500
218|6|170|63.130
219|9|220|61.720
219|2|65|87.910
219|8|95|55.750
219|7|20|91.280
219|3|79|74.280
219|1|165|54.890
220|4|285|92.930
220|5|167|50.550
220|6|133|93.480
220|8|152|79.800
220|9|119|85.130
220|2|241|91.150
221|5|260|62.250
221|2|260|70.520
221|9|40|58.870
221|8|46|65.010
221|6|259|80.670
222|6|139|68.080
222|2|195|58.760
222|7|175|92.600
222|4|238|97.730
222|1|279|99.270
222|9|249|99.060
223|1|30|52.200
223|6|240|93.410
223|4|241|74.790
223|5|49|91.500
223|8|228|76.060
224|3|80|78.140
224|6|90|98.800
224|9|169|53.090
225|1|223|84.550
225|2|30|76.880
225|3|174|63.950
225|4|198|70.220
225|8|224|62.800
225|6|119|69.950
225|7|148|97.990
226|2|144|73.210
226|8|205|89.210
226|7|54|75.450
226|6|232|66.120
226|4|279|62.580
226|9|158|66.900
226|5|189|72.050
227|3|159|77.220
227|2|271|57.050
227|6|94|51.650
227|8|136|66.730
227|4|104|58.740
228|3|144|78.440
228|4|172|54.000
228|7|66|87.780
228|1|209|80.880
228|8|170|77.790
228|9|263|88.240
228|5|12|88.170
228|2|256|77.630
229|3|267|87.890
229|6|57|74.780
229|4|240|67.290
229|7|93|94.360
229|2|210|50.550
229|1|299|99.000
229|9|159|71.740
230|9|259|91.940
230|4|144|99.400
230|2|212|83.100
230|8|295|68.480
230|7|218|98.960
230|6|208|54.610
230|3|107|78.840
230|5|64|53.080
231|4|279|55.310
231|6|140|53.690
231|5|17|54.840
231|9|99|76.840
231|1|98|83.090
232|6|47|63.990
232|5|275|51.500
232|8|296|97.870
232|2|102|76.180
232|7|159|74.840
232|9|299|92.490
232|3|16|72.970
233|9|212|57.870
233|2|37|74.560
233|5|62|57.890
233|4|153|62.550
233|3|285|99.650
233|8|254|54.570
233|7|235|52.460
233|6|179|85.590
234|4|44|61.860
234|2|212|94.340
234|5|281|76.410
234|3|259|61.540
234|7|223|67.620
235|8|103|84.130
235|3|246|58.890
235|5|256|79.890
235|7|83|97.820
235|9|131|81.910
235|2|106|93.470
236|4|254|91.520
236|2|123|65.930
236|8|17|62.750
236|6|120|90.700
236|1|211|60.120
236|7|60|78.410
236|5|111|85.020
237|5|99|60.540
237|2|188|79.970
237|9|266|85.620
237|7|198|60.120
237|3|118|79.340
237|4|294|97.830
238|6|174|51.340
238|5|123|85.960
238|7|225|72.580
238|8|294|66.260
238|3|29|50.380
238|2|132|52.600
239|9|41|91.610
239|8|52|87.990
239|4|91|96.340
239|6|278|73.960
239|2|153|58.100
240|8|248|82.340
240|2|132|63.020
240|5|125|99.610
240|9|278|84.230
240|7|77|92.020
240|3|26|60.700
241|5|128|76.650
241|8|118|64.120
241|3|74|67.110
241|9|273|77.410
241|4|217|87.450
242|7|187|69.580
242|4|141|65.560
242|3|183|72.840
242|5|195|53.030
242|1|119|64.200
243|4|49|54.770
243|7|218|80.610
243|1|165|66.000
243|2|165|52.420
243|5|244|50.470
244|6|28|81.550
244|8|18|88.330
244|4|227|51.290
244|9|98|70.330
244|7|217|99.750
244|3|49|67.590
244|5|223|96.090
245|9|175|95.280
245|3|218|57.340
245|7|239|97.300
245|8|120|76.660
246|3|174|81.630
246|4|298|61.960
246|8|122|70.180
246|1|198|93.880
246|5|164|87.930
246|6|12|62.230
247|8|230|86.910
247|4|227|55.150
247|9|272|67.520
247|1|61|84.780
247|2|102|81.550
247|3|199|61.560
248|3|191|98.470
248|1|155|63.700
248|2|24|58.370
248|6|283|75.000
248|8|155|66.590
248|7|24|84.030
249|4|132|57.840
249|5|277|84.100
249|3|294|79.210
249|6|278|87.610
249|7|170|66.990
249|1|75|94.480
250|6|288|82.710
250|2|179|70.740
250|7|20|62.250
250|9|43|79.480
250|5|41|81.410
250|3|120|61.370
250|1|129|73.210
250|4|12|68.420
251|6|97|64.280
251|2|292|78.990
251|7|120|59.080
251|4|30|86.750
251|1|176|57.940
252|4|153|57.920
252|5|186|89.970
252|1|284|99.230
252|2|112|85.100
252|9|300|80.200
252|7|297|86.470
252|3|250|80.160
252|6|178|81.510
253|3|183|88.700
253|2|59|51.280
253|4|204|57.060
253|6|53|91.720
253|1|161|62.380
254|6|166|51.750
254|9|291|64.120
254|5|100|53.820
254|1|298|65.480
254|7|98|59.900
255|1|225|96.780
255|8|82|50.400
255|7|85|90.830
255|4|247|95.990
256|4|290|69.900
256|5|231|60.480
256|9|30|91.790
256|1|257|74.410
256|7|152|93.350
257|2|128|84.270
257|5|98|91.700
257|4|73|97.780
257|9|18|88.170
257|6|52|94.700
257|7|81|51.050
257|3|152|65.600
257|8|234|90.050
258|3|159|78.340
258|2|213|59.430
258|1|126|51.070
258|8|118|81.250
258|5|24|96.700
259|2|251|61.360
259|4|149|97.330
259|6|117|94.240
259|1|263|61.200
259|5|158|51.820
259|8|263|52.330
260|8|300|50.440
260|7|77|91.380
260|5|36|66.040
260|2|124|62.320
260|4|283|69.840
260|6|156|92.330
260|1|129|96.360
260|3|203|98.050
261|3|94|65.990
261|9|146|81.190
261|4|31|52.990
261|7|238|56.610
261|5|232|67.370
262|9|146|63.070
262|5|151|80.510
262|7|202|55.910
263|7|14|81.530
263|3|33|62.990
263|6|139|89.320
263|4|79|58.100
264|1|174|85.740
264|6|155|65.520
264|8|26|76.760
264|5|203|90.650
264|7|54|76.610
265|5|72|89.860
265|7|113|80.890
265|4|230|68.270
265|6|208|58.060
266|4|28|55.380
266|3|44|50.250
266|9|84|86.880
266|1|35|53.820
266|5|124|66.140
266|2|241|69.950
266|7|127|61.900
267|1|120|88.540
267|3|96|80.210
267|6|64|50.550
267|5|295|82.220
267|7|76|63.370
268|3|89|61.480
268|6|98|62.230
268|7|300|61.480
268|9|130|99.850
268|1|195|70.680
268|4|34|64.400
268|5|37|69.540
268|2|163|61.550
268|8|99|87.510
269|7|240|72.160
269|9|294|58.300
269|2|124|75.450
270|5|172|67.850
270|9|12|58.040
270|7|25|92.200
270|6|137|60.630
270|2|279|78.530
270|4|181|63.100
270|3|236|63.860
270|8|195|80.590
271|9|53|97.050
271|2|63|64.760
271|7|194|54.490
271|6|199|83.710
271|5|234|81.980
272|8|189|86.610
272|4|69|84.570
272|9|256|85.450
272|1|83|65.510
272|2|214|61.510
272|6|26|63.830
273|7|160|56.950
273|8|27|50.420
273|9|173|75.770
273|3|59|60.720
273|1|145|95.680
273|2|215|75.970
274|9|144|77.390
274|5|63|79.200
274|7|286|77.820
274|1|68|65.520
275|2|198|76.910
275|4|82|69.060
275|6|257|63.550
275|9|154|66.610
275|1|298|71.270
275|3|163|76.830
275|7|256|86.450
275|8|34|79.870
276|7|170|71.650
276|4|73|81.660
276|8|52|88.810
276|5|101|95.940
277|8|114|74.460
277|1|261|73.260
277|4|237|67.670
277|3|114|74.530
277|5|11|95.650
278|8|152|71.020
278|9|202|98.760
278|1|295|72.740
278|2|279|69.300
278|7|40|81.150
278|4|183|87.180
279|1|127|89.110
279|4|188|85.400
279|9|287|78.660
279|5|179|55.640
279|8|35|59.920
279|7|70|66.740
280|1|216|56.610
280|2|295|94.970
280|5|76|76.780
280|9|221|50.230
280|3|41|78.730
280|7|114|54.180
281|6|240|99.480
281|4|29|53.340
281|8|52|98.570
281|9|87|54.450
281|3|60|50.840
281|7|134|94.950
281|5|111|87.930
282|5|47|71.520
282|1|222|63.030
282|8|299|68.230
282|4|15|76.560
282|6|232|97.480
283|3|32|97.860
283|6|243|68.890
283|1|54|81.850
283|4|56|51.900
283|7|177|75.230
284|4|65|52.760
284|8|167|54.210
284|7|191|64.990
284|5|238|76.660
284|1|243|52.970
285|5|230|58.330
285|2|163|81.380
285|9|204|87.000
286|6|38|84.100
286|3|200|97.470
286|8|99|67.210
286|1|123|87.980
286|2|73|64.640
286|4|37|57.750
287|9|184|54.730
287|1|265|71.540
287|6|56|60.420
287|5|51|82.560
287|4|35|70.390
288|8|142|55.160
288|5|162|83.490
288|4|95|65.340
288|6|137|64.110
288|9|124|88.380
289|4|195|92.540
289|9|43|61.690
289|7|235|57.420
289|3|144|69.770
289|1|140|92.280
289|8|213|90.160
289|2|265|77.130
290|8|209|68.790
290|2|263|79.630
290|9|21|92.350
290|4|98|88.130
290|1|127|60.170
290|5|216|92.360
290|3|118|76.230
291|9|134|69.230
291|5|190|68.810
291|2|73|76.520
291|4|276|72.160
291|7|234|78.590
292|3|125|53.960
292|9|274|66.070
292|8|116|58.510
292|7|259|97.340
292|1|296|51.340
292|2|107|78.690
292|4|73|67.400
293|1|28|70.650
293|8|20|98.800
293|4|95|91.980
293|5|221|78.210
293|2|259|86.770
293|6|53|58.830
294|8|212|61.820
294|1|192|54.660
294|7|178|75.090
294|5|26|77.620
294|3|162|50.590
294|9|229|54.540
294|2|297|73.180
295|4|121|75.450
295|9|298|88.840
295|2|183|59.360
295|1|13|80.140
295|5|74|85.360
295|6|67|72.400
296|1|82|53.890
296|7|238|55.230
296|8|158|95.660
296|9|254|69.810
296|6|10|75.230
296|2|66|54.930
297|4|274|62.910
297|5|204|88.260
297|3|220|91.380
297|1|56|50.910
297|2|177|92.170
297|8|94|70.250
297|7|241|51.120
298|1|27|99.740
298|7|295|85.510
298|8|100|62.630
298|9|155|81.020
298|2|96|75.010
299|5|273|54.110
299|2|132|85.870
299|3|40|59.990
299|6|223|85.520
299|4|38|78.920
300|3|50|83.890
300|2|45|65.820
300|6|48|56.670
300|7|292|92.750
300|9|160|76.350
300|5|145|56.460
300|4|14|65.280
301|7|222|83.230
301|2|116|63.580
301|9|54|66.080
301|6|267|51.460
301|4|126|86.120
302|9|67|57.400
302|6|111|56.950
302|1|197|63.800
302|5|133|88.490
302|8|254|58.990
302|7|251|58.630
303|4|164|78.700
303|1|128|99.300
303|8|24|97.780
303|2|88|55.900
303|6|198|96.570
303|7|252|88.220
304|5|18|82.270
304|7|233|74.520
304|4|206|96.730
304|8|55|62.100
304|6|134|89.950
304|9|171|56.800
304|2|83|64.130
304|3|272|66.630
305|9|289|65.780
305|7|43|94.730
305|6|203|61.480
305|5|58|77.570
305|2|162|61.850
305|8|87|96.130
306|3|100|84.750
306|1|162|51.890
306|2|149|61.300
306|9|13|74.710
306|4|197|63.220
306|7|146|50.510
306|5|184|79.520
307|4|282|66.340
307|7|233|84.940
307|6|190|72.630
307|1|73|53.720
307|2|173|56.700
308|3|41|71.270
308|1|106|94.460
308|4|181|92.220
308|7|121|56.680
308|8|72|67.750
308|6|143|80.700
309|1|295|69.460
309|4|208|87.310
309|8|235|94.150
309|9|14|60.700
309|5|254|89.660
310|3|284|72.150
310|4|44|68.100
310|9|287|61.030
310|2|188|66.380
310|5|256|64.260
310|7|283|75.950
311|7|32|64.350
311|9|22|55.320
311|8|287|50.660
311|4|285|85.290
311|5|100|54.510
311|6|198|98.080
312|9|186|83.280
312|4|262|81.490
312|1|147|95.190
312|5|220|69.540
312|6|61|76.440
312|2|216|69.580
312|3|287|80.410
313|4|289|80.110
313|7|91|72.770
313|9|66|65.620
313|3|296|85.360
313|5|115|55.370
313|6|265|91.130
313|8|35|71.260
313|1|210|97.100
314|3|261|68.300
314|8|188|74.030
314|1|124|80.160
314|4|58|71.580
314|7|158|95.160
314|9|103|85.340
315|1|81|99.200
315|7|188|63.710
315|6|281|82.750
315|4|125|74.590
316|9|31|72.390
316|6|254|90.900
316|8|115|65.760
316|4|188|72.990
316|3|174|76.440
317|2|107|79.380
317|3|90|65.900
317|7|201|69.890
317|9|23|84.500
317|1|185|60.910
317|8|241|73.530
318|9|103|99.860
318|2|216|57.180
318|4|89|89.920
318|6|149|64.330
318|8|257|52.850
318|3|244|75.040
318|1|72|78.180
319|8|221|66.860
319|7|227|98.680
319|9|95|64.260
319|1|262|85.530
319|4|98|50.890
319|2|52|87.380
320|4|276|71.130
320|7|298|83.590
320|9|272|71.840
320|8|122|76.840
320|2|296|58.350
320|6|194|94.670
321|9|17|87.850
321|5|250|73.740
321|1|142|94.660
322|3|158|83.350
322|5|52|59.380
322|7|84|87.060
322|8|104|66.060
322|1|119|63.350
322|9|195|91.220
322|6|129|53.690
323|2|276|53.760
323|1|265|67.540
323|8|68|51.500
323|6|218|86.330
323|3|33|51.330
323|7|141|58.280
323|5|166|63.250
324|7|234|58.050
324|9|36|54.080
324|2|29|61.590
324|3|222|74.930
324|4|155|56.570
325|6|95|50.580
325|2|222|80.970
325|8|273|88.930
325|1|18|51.050
325|9|53|60.840
325|5|258|66.330
326|7|116|80.120
326|6|24|89.540
326|5|211|96.640
326|3|82|72.230
327|7|284|80.970
327|2|107|56.110
327|3|129|81.790
327|4|155|58.470
327|8|208|51.800
328|4|287|82.130
328|3|101|96.980
328|7|181|71.650
328|8|172|74.410
328|6|272|58.930
329|3|241|87.690
329|1|142|61.290
329|6|10|86.390
329|5|46|60.390
330|1|224|51.380
330|4|95|52.550
330|2|50|66.860
330|6|131|50.650
330|3|75|83.290
331|8|47|68.510
331|4|29|67.600
331|7|81|75.990
331|1|27|89.310
331|2|64|69.770
331|6|273|93.630
332|1|211|97.870
332|9|257|80.600
332|7|249|71.070
332|3|297|63.250
332|5|226|61.150
332|8|112|82.530
332|4|155|91.350
333|1|86|94.310
333|2|134|62.460
333|4|114|70.000
333|9|11|89.070
333|3|79|96.500
333|7|184|77.860
333|5|34|52.150
334|1|12|95.940
334|4|183|77.060
334|3|125|90.870
334|2|210|53.640
334|9|292|85.530
334|6|156|61.900
335|4|262|85.830
335|1|171|78.960
335|8|49|67.760
335|7|72|96.770
335|6|267|81.550
336|3|130|65.810
336|6|261|62.820
336|5|82|68.320
336|2|205|80.710
337|8|247|74.520
337|3|203|99.370
337|7|98|63.990
337|2|166|74.890
337|5|255|88.840
337|4|194|93.850
337|1|57|56.560
337|9|297|64.290
338|8|209|74.480
338|9|10|53.950
338|6|82|52.440
338|7|91|53.350
339|1|107|96.340
339|6|29|64.970
339|8|100|50.410
339|3|169|53.340
339|7|109|90.250
339|4|272|98.810
340|9|242|79.160
340|8|132|73.770
340|6|217|61.970
340|2|279|70.640
341|8|181|73.350
341|1|42|80.160
341|3|261|55.410
341|9|241|79.870
341|4|71|81.480
341|2|121|87.990
342|1|18|92.060
342|4|158|63.640
342|2|105|99.020
342|8|107|82.410
343|9|223|62.160
343|5|10|73.840
343|7|40|64.130
343|6|237|61.760
343|4|293|88.280
343|3|63|60.380
344|7|207|87.650
344|2|204|67.660
344|9|111|62.000
344|4|37|79.950
344|6|254|63.060
344|3|279|64.400
345|3|230|70.900
345|9|154|88.800
345|4|249|74.710
346|2|176|52.770
346|6|194|97.200
346|5|300|59.930
346|3|182|84.510
346|4|66|95.910
346|8|93|98.030
347|9|75|83.770
347|5|200|84.630
347|7|78|90.560
347|3|174|58.990
347|1|11|88.320
348|9|179|92.790
348|6|36|94.150
348|1|269|87.280
348|5|86|70.390
348|7|185|59.530
348|8|76|68.450
348|2|150|62.690
348|3|219|75.500
349|4|250|66.060
349|8|126|50.800
349|3|255|61.590
349|1|275|53.710
349|7|72|68.240
350|5|20|54.370
350|3|57|75.090
350|1|162|91.520
350|4|49|69.570
350|8|12|71.710
350|6|150|79.930
351|5|126|70.970
351|6|254|84.370
351|1|288|79.390
351|2|146|84.310
351|8|280|80.310
352|3|288|73.710
352|9|113|93.050
352|8|102|90.260
352|7|115|91.240
352|2|232|68.660
352|6|280|70.580
352|4|271|78.740
353|2|288|93.140
353|8|33|72.940
353|6|286|86.740
353|5|13|66.500
353|3|101|88.470
353|7|161|99.130
354|8|225|64.300
354|1|168|67.640
354|2|247|88.320
354|9|189|72.040
354|3|56|76.910
354|7|171|71.680
354|5|183|66.920
355|1|264|77.140
355|8|175|87.850
355|5|219|52.620
355|3|285|63.160
355|2|123|98.790
355|6|88|68.680
355|7|20|85.490
356|4|215|64.960
356|7|28|95.710
356|1|93|51.570
356|3|225|77.030
356|9|144|52.520
356|6|54|50.100
357|2|134|64.610
357|1|144|77.130
357|7|262|55.860
357|3|183|64.670
357|5|214|53.510
358|6|41|79.070
358|8|125|69.030
358|4|226|54.060
358|1|74|90.960
358|3|125|91.750
359|5|115|92.230
359|6|91|86.760
359|3|224|58.120
359|9|233|72.130
359|2|13|78.890
359|7|109|78.540
360|7|95|72.080
360|2|59|57.940
360|1|70|95.830
360|8|133|91.180
360|3|245|88.370
360|9|181|54.430
360|4|66|67.950
360|5|171|60.320
361|9|276|54.470
361|8|186|55.580
361|2|42|52.370
361|3|27|71.440
362|3|126|61.750
362|7|180|68.710
362|8|232|76.260
362|2|141|92.830
362|9|109|62.640
362|6|216|70.620
363|9|152|76.550
363|2|117|57.380
363|4|250|80.550
363|7|77|74.560
363|3|223|58.230
363|8|239|91.090
364|5|254|56.960
364|1|134|88.040
364|8|168|98.830
364|6|206|55.030
364|2|291|81.760
365|1|202|81.820
365|7|134|79.960
365|3|55|52.110
365|4|170|66.630
365|5|90|86.900
365|9|163|92.510
365|6|195|84.690
365|8|228|94.710
365|2|66|98.660
366|8|251|53.350
366|9|116|59.940
366|2|291|68.810
366|3|104|55.910
367|6|228|76.570
367|7|268|88.950
367|9|261|69.210
367|2|274|80.620
367|8|79|82.920
367|4|44|82.320
368|2|259|97.240
368|7|274|60.060
368|6|111|67.620
368|8|174|55.200
368|3|114|74.440
368|4|101|73.040
368|5|87|70.780
369|5|245|61.080
369|8|209|58.330
369|3|43|52.010
369|4|279|74.620
369|9|140|87.610
369|6|184|96.980
370|5|24|91.250
370|4|138|93.720
370|8|148|98.580
370|7|284|91.080
370|9|161|50.770
370|6|129|92.760
370|3|203|85.410
371|2|277|60.750
371|9|287|55.820
371|3|282|57.270
371|5|207|99.740
372|7|176|68.640
372|6|96|86.030
372|9|227|84.160
372|8|219|83.670
372|5|196|70.300
372|3|41|89.550
373|3|178|84.610
373|1|190|65.330
373|4|196|56.610
373|5|28|60.390
373|7|92|67.200
373|2|77|95.390
373|8|213|77.330
374|2|154|73.280
374|8|263|77.080
374|5|224|86.570
374|6|28|74.580
374|3|206|84.860
374|1|280|74.070
374|9|225|89.600
375|2|228|74.600
375|8|114|63.580
375|6|70|82.270
375|9|260|97.300
375|5|208|75.060
375|3|198|62.060
376|5|162|99.340
376|9|185|65.310
376|7|70|86.790
376|8|253|59.630
376|3|54|99.550
377|9|152|92.500
377|8|217|61.030
377|7|172|93.170
377|5|44|67.170
378|2|286|61.290
378|1|234|60.390
378|3|49|87.880
378|7|120|94.480
378|6|56|64.980
378|4|139|86.050
379|9|31|82.260
379|4|155|92.400
379|7|261|68.590
379|1|119|71.240
379|6|88|69.050
380|9|39|91.060
380|6|257|56.140
380|4|263|91.400
380|7|192|62.020
380|2|42|71.570
380|1|30|61.000
380|3|98|70.710
381|7|203|61.980
381|3|131|85.620
381|2|258|75.110
381|5|60|63.470
382|6|250|60.230
382|5|133|65.250
382|9|72|61.010
382|2|289|92.340
382|7|111|57.740
382|8|76|98.460
383|5|176|72.040
383|2|171|83.110
383|1|270|96.540
383|4|65|69.240
383|7|83|51.980
383|8|11|85.300
384|7|218|90.630
384|1|159|71.840
384|6|264|79.170
384|8|141|68.540
384|4|244|53.880
384|9|187|90.700
384|3|117|85.170
385|8|103|84.600
385|4|107|54.870
385|7|110|63.690
385|3|218|68.330
385|2|10|86.050
385|1|271|96.760
385|9|159|91.330
386|4|102|80.400
386|6|79|60.300
386|5|150|87.750
387|2|212|54.290
387|4|44|86.830
387|7|169|94.060
387|8|90|63.960
387|3|278|59.380
387|1|87|92.740
387|6|264|96.680
388|3|72|71.200
388|9|182|78.800
388|1|269|57.840
388|4|254|63.480
388|8|38|99.910
388|7|286|72.560
388|2|157|77.880
388|6|151|63.270
389|7|247|86.690
389|9|239|50.560
389|1|153|54.950
389|4|118|85.100
389|6|133|86.430
389|3|178|83.400
389|8|276|50.090
389|2|105|72.600
390|4|176|59.770
390|8|69|62.510
390|3|46|58.260
390|7|290|99.660
390|2|119|68.280
390|6|81|55.120
390|5|269|59.560
390|9|81|66.170
391|5|21|62.080
391|6|159|71.820
391|8|66|69.160
391|1|23|99.750
391|9|255|62.940
391|7|100|84.550
392|3|53|53.930
392|1|78|93.860
392|7|143|93.950
392|9|87|78.100
392|8|127|86.030
